29 0.44375 0.459375 0.053125 0.14921875
4 0.5015625 0.38203125 0.05546875 0.146875
5 0.55859375 0.459375 0.05546875 0.14609375
1 0.38359375 0.79375 0.05546875 0.1515625
3 0.4125 0.78671875 0.05546875 0.14765625
24 0.43984375 0.79609375 0.05234375 0.15859375
13 0.471875 0.79609375 0.05546875 0.159375
14 0.5046875 0.7953125 0.06015625 0.1515625
18 0.52890625 0.7953125 0.053125 0.1515625
23 0.55859375 0.79609375 0.05078125 0.15546875
21 0.5859375 0.796875 0.05 0.1546875
20 0.61796875 0.79296875 0.053125 0.15234375