29 0.44375 0.4578125 0.05234375 0.1453125
4 0.50234375 0.38359375 0.05234375 0.1453125
5 0.5578125 0.45546875 0.053125 0.15546875
1 0.37578125 0.79453125 0.04140625 0.1421875
3 0.41171875 0.796875 0.05 0.1453125
24 0.440625 0.79453125 0.05 0.14765625
13 0.46953125 0.796875 0.04921875 0.146875
14 0.5015625 0.796875 0.05234375 0.14921875
18 0.52890625 0.79921875 0.05234375 0.15234375
23 0.55625 0.79765625 0.05078125 0.14296875
21 0.58828125 0.7953125 0.05 0.14375
20 0.6171875 0.7984375 0.0546875 0.14375