9 0.5 0.43203125 0.04921875 0.1453125
15 0.4453125 0.50859375 0.05078125 0.14375
12 0.55859375 0.51171875 0.05078125 0.146875
14 0.50234375 0.5890625 0.05078125 0.1375
7 0.396875 0.84609375 0.0515625 0.146875
6 0.42734375 0.84453125 0.04765625 0.14921875
25 0.46015625 0.846875 0.059375 0.15703125
26 0.48359375 0.84765625 0.05234375 0.15
19 0.51875 0.84765625 0.059375 0.15859375
16 0.546875 0.8453125 0.059375 0.153125
22 0.578125 0.846875 0.05625 0.15703125
21 0.6046875 0.84375 0.05390625 0.14765625